1 AUG 2017 0.8990
1 SEP 2017 0.8820
1 OCT 2017 0.9200
1 NOV 2017 0.9260
1 DEC 2017 0.9260
1 JAN 2018 0.9465
1 FEB 2018 0.9186
1 MAR 2018 0.9121
1 APR 2018 0.9326
1 MAY 2018 0.9431
1 JUN 2018 0.9346
1 JUL 2018 0.9475
1 AUG 2018 0.9006
1 SEP 2018 0.8845
1 OCT 2018 0.9355
1 NOV 2018 0.9421
1 DEC 2018 0.9421
1 JAN 2019 0.9465
1 JAN 2020 0.8687
1 JAN 2021 0.9289
1 JAN 2022 0.9289
1 JAN 2023 0.9289
1 JAN 2024 0.8687
1 JAN 2025 0.9289
1 JAN 2026 0.9289
1 JAN 2027 0.9289
1 JAN 2028 0.8687
1 JAN 2029 0.9289
1 JAN 2030 0.9289
1 JAN 2031 0.9289
1 JAN 2032 0.8687
1 JAN 2033 0.9289
1 JAN 2034 0.9289
1 JAN 2035 0.9289
