1 JUL 2018 0.9615
1 AUG 2018 0.9602
1 SEP 2018 0.9238
1 OCT 2018 0.9388
1 NOV 2018 0.9426
1 DEC 2018 0.9505
1 JAN 2019 0.9560
1 FEB 2019 0.9301
1 MAR 2019 0.9538
1 APR 2019 0.9464
1 MAY 2019 0.9548
1 JUN 2019 0.9402
1 JUL 2019 0.9570
1 AUG 2019 0.9321
1 SEP 2019 0.9134
1 OCT 2019 0.9449
1 NOV 2019 0.9538
1 DEC 2019 0.9538
1 JAN 2020 0.9467
1 FEB 2020 0.9209
1 MAR 2020 0.9445
1 APR 2020 0.7031
1 MAY 2020 0.4616
1 JUN 2020 0.9310
1 JUL 2020 0.9477
1 AUG 2020 0.9230
1 SEP 2020 0.9377
1 OCT 2020 0.9357
1 NOV 2020 0.9445
1 DEC 2020 0.9445
1 JAN 2021 0.9413
1 JAN 2022 0.9410
1 JAN 2023 0.9410
1 JAN 2024 0.8759
1 JAN 2025 0.9410
1 JAN 2026 0.9410
1 JAN 2027 0.9410
1 JAN 2028 0.8759
1 JAN 2029 0.9410
1 JAN 2030 0.9410
1 JAN 2031 0.9410
1 JAN 2032 0.8759
1 JAN 2033 0.9410
1 JAN 2034 0.9410
1 JAN 2035 0.9410