1 JUL 2018 0.9615
1 AUG 2018 0.9602
1 SEP 2018 0.9238
1 OCT 2018 0.9388
1 NOV 2018 0.9426
1 DEC 2018 0.9505
1 JAN 2019 0.9505
1 FEB 2019 0.9248
1 MAR 2019 0.9483
1 APR 2019 0.9410
1 MAY 2019 0.9493
1 JUN 2019 0.9348
1 JUL 2019 0.9515
1 AUG 2019 0.9268
1 SEP 2019 0.9082
1 OCT 2019 0.9395
1 NOV 2019 0.9483
1 DEC 2019 0.9483
1 JAN 2020 0.9437
1 FEB 2020 0.9180
1 MAR 2020 0.9415
1 APR 2020 0.7009
1 MAY 2020 0.4601
1 JUN 2020 0.9280
1 JUL 2020 0.9447
1 AUG 2020 0.9200
1 SEP 2020 0.9347
1 OCT 2020 0.9327
1 NOV 2020 0.9415
1 DEC 2020 0.9415
1 JAN 2021 0.9369
1 JAN 2022 0.9369
1 JAN 2023 0.9369
1 JAN 2024 0.8731
1 JAN 2025 0.9369
1 JAN 2026 0.9369
1 JAN 2027 0.9369
1 JAN 2028 0.8731
1 JAN 2029 0.9369
1 JAN 2030 0.9369
1 JAN 2031 0.9369
1 JAN 2032 0.8731
1 JAN 2033 0.9369
1 JAN 2034 0.9369
1 JAN 2035 0.9369