1 JUL 2018 0.9615
1 AUG 2018 0.9602
1 SEP 2018 0.9238
1 OCT 2018 0.9388
1 NOV 2018 0.9426
1 DEC 2018 0.9505
1 JAN 2019 0.8956
1 FEB 2019 0.8714
1 MAR 2019 0.8936
1 APR 2019 0.8867
1 MAY 2019 0.8945
1 JUN 2019 0.8808
1 JUL 2019 0.8966
1 AUG 2019 0.8733
1 SEP 2019 0.8558
1 OCT 2019 0.8853
1 NOV 2019 0.8936
1 DEC 2019 0.8936
1 JAN 2020 0.8669
1 FEB 2020 0.8432
1 MAR 2020 0.8648
1 APR 2020 0.6438
1 MAY 2020 0.4226
1 JUN 2020 0.8524
1 JUL 2020 0.8678
1 AUG 2020 0.8451
1 SEP 2020 0.8586
1 OCT 2020 0.8567
1 NOV 2020 0.8648
1 DEC 2020 0.8648
1 JAN 2021 0.8808
1 JAN 2022 0.8807
1 JAN 2023 0.8807
1 JAN 2024 0.8020
1 JAN 2025 0.8807
1 JAN 2026 0.8807
1 JAN 2027 0.8807
1 JAN 2028 0.8020
1 JAN 2029 0.8807
1 JAN 2030 0.8807
1 JAN 2031 0.8807
1 JAN 2032 0.8020
1 JAN 2033 0.8807
1 JAN 2034 0.8807
1 JAN 2035 0.8807