19 APR 2009 982 3917297
19 MAY 2009 967 3859426
19 JUN 2009 1004 4004452
19 JUL 2009 938 3741698
19 AUG 2009 913 3640888
19 SEP 2009 767 3060713
19 OCT 2009 759 3028779
19 NOV 2009 880 3511004
19 DEC 2009 776 3096606
19 JAN 2010 796 3176211
19 FEB 2010 827 3299176
19 MAR 2010 783 3123690
19 APR 2010 575 2294863
19 MAY 2010 777 3097683
19 JUN 2010 743 2963973
19 JUL 2010 682 2718975
19 AUG 2010 419 1669554
19 SEP 2010 452 1802089
19 OCT 2010 736 2876612
19 NOV 2010 633 2748166
19 DEC 2010 599 2602556
19 JAN 2011 564 2450795
19 FEB 2011 471 2047614
19 MAR 2011 452 1963108
19 APR 2011 520 1886104
19 MAY 2011 648 1279365
19 JUN 2011 752 1740207
19 JUL 2011 457 1070351
19 AUG 2011 547 1475531
19 SEP 2011 321 852746
19 OCT 2011 497 1373341
19 NOV 2011 595 1645771
19 DEC 2011 891 2462737
19 JAN 2012 430 1188371
19 FEB 2012 459 1268458
19 MAR 2012 473 1984402
19 APR 2012 442 1861514
19 MAY 2012 392 1789046
19 JUN 2012 151 687970
19 JUL 2012 388 1769590
19 AUG 2012 354 1615639
19 SEP 2012 393 1791350
19 OCT 2012 88 403504
19 NOV 2012 39 178411
19 DEC 2012 110 501021
19 JAN 2013 126 575213
19 FEB 2013 143 650850
19 MAR 2013 144 656627
19 APR 2013 13 60534
19 MAY 2013 43 195728
19 JUN 2013 201 918271
19 JUL 2013 192 875798
19 AUG 2013 204 930810
19 SEP 2013 33 148881
19 OCT 2013 185 841337
19 NOV 2013 362 1651971
19 DEC 2013 402 1830766
19 JAN 2014 320 1792593
19 FEB 2014 288 1615039
19 MAR 2014 309 1729683
19 APR 2014 305 1700992
19 MAY 2014 314 1745278
19 JUN 2014 311 1728204
19 JUL 2014 28 1681335
19 AUG 2014 6 386734
19 SEP 2014 307 1686514
19 OCT 2014 288 1589104
19 NOV 2014 294 1633602
19 DEC 2014 284 1589224
19 JAN 2015 231 1285250
19 FEB 2015 251 1390168
19 MAR 2015 271 1486023
19 APR 2015 262 1454983
19 MAY 2015 270 1498121
19 JUN 2015 256 1445366
19 JUL 2015 212 1397079
19 AUG 2015 189 1253619
19 SEP 2015 177 1179058
19 OCT 2015 152 1010935
19 NOV 2015 143 1001159
19 DEC 2015 141 1002011
19 JAN 2016 142 1009893
19 FEB 2016 163 1165381
19 MAR 2016 135 974488
19 APR 2016 136 967079
19 MAY 2016 140 1007884
19 JUN 2016 141 1028769
19 JUL 2016 165 1030787
19 AUG 2016 0 0
19 SEP 2016 0 0
19 OCT 2016 7 46775
19 NOV 2016 25 155098
19 DEC 2016 156 1001813
19 JAN 2017 88 587301
19 FEB 2017 102 677312
19 MAR 2017 121 804351
19 APR 2017 120 808473
19 MAY 2017 169 1000674
19 JUN 2017 194 1148198
